0.0000  650.0000  0.00469936
0.0000  650.7500  0.00448047
0.0000  651.5000  0.00824171
0.0000  652.2500  0.00634256
0.0000  653.0000  0.00770596
0.0000  653.7500  0.00705502
0.0000  654.5000  0.00999912
0.0000  655.2500  0.00553040
0.0000  656.0000  0.00322603
0.0000  656.7500  0.00769184
0.0000  657.5000  0.00285600
0.0000  658.2500  0.00956403
0.0000  659.0000  0.00492387
0.0000  659.7500  0.00466595
0.0000  660.5000  0.00285777
0.0000  661.2500  0.00863753
0.0000  662.0000  0.00739549
0.0000  662.7500  0.00230113
0.0000  663.5000  0.00744721
0.0000  664.2500  0.00049575
0.0000  665.0000  0.00308072
0.0000  665.7500  0.00413165
0.0000  666.5000  0.00441914
0.0000  667.2500  0.00036511
0.0000  668.0000  0.00295782
0.0000  668.7500  0.00922643
0.0000  669.5000  0.00602608
0.0000  670.2500  0.00529832
0.0000  671.0000  0.00955660
0.0000  671.7500  0.00973166
0.0000  672.5000  0.00820890
0.0000  673.2500  0.00846320
0.0000  674.0000  0.00967958
0.0000  674.7500  0.00805643
0.0000  675.5000  0.00983970
0.0000  676.2500  0.00531566
0.0000  677.0000  0.00981327
0.0000  677.7500  0.00152554
0.0000  678.5000  0.00925724
0.0000  679.2500  0.00902936
0.0000  680.0000  0.00643944
1.0000  650.0000  0.00867970
1.0000  650.7500  0.00535532
1.0000  651.5000  0.00885894
1.0000  652.2500  0.00142476
1.0000  653.0000  0.00201970
1.0000  653.7500  0.00810510
1.0000  654.5000  0.00625431
1.0000  655.2500  0.00294265
1.0000  656.0000  0.00952444
1.0000  656.7500  0.00694655
1.0000  657.5000  0.00566739
1.0000  658.2500  0.00612384
1.0000  659.0000  0.00522640
1.0000  659.7500  0.00938761
1.0000  660.5000  0.00345493
1.0000  661.2500  0.00660677
1.0000  662.0000  0.00338964
1.0000  662.7500  0.00678065
1.0000  663.5000  0.00504350
1.0000  664.2500  0.00669698
1.0000  665.0000  0.00359892
1.0000  665.7500  0.00688108
1.0000  666.5000  0.00378556
1.0000  667.2500  0.00832726
1.0000  668.0000  0.00065922
1.0000  668.7500  0.00212926
1.0000  669.5000  0.00266676
1.0000  670.2500  0.00636834
1.0000  671.0000  0.00638406
1.0000  671.7500  0.00085658
1.0000  672.5000  0.00643675
1.0000  673.2500  0.00782462
1.0000  674.0000  0.00878815
1.0000  674.7500  0.00014749
1.0000  675.5000  0.00718302
1.0000  676.2500  0.00414724
1.0000  677.0000  0.00534750
1.0000  677.7500  0.00807021
1.0000  678.5000  0.00083387
1.0000  679.2500  0.00054901
1.0000  680.0000  0.00782323
2.0000  650.0000  0.00680283
2.0000  650.7500  0.00812859
2.0000  651.5000  0.00942436
2.0000  652.2500  0.00331721
2.0000  653.0000  0.00281772
2.0000  653.7500  0.00580129
2.0000  654.5000  0.00401519
2.0000  655.2500  0.00565693
2.0000  656.0000  0.00234802
2.0000  656.7500  0.00511502
2.0000  657.5000  0.00848218
2.0000  658.2500  0.00409840
2.0000  659.0000  0.00897550
2.0000  659.7500  0.00702875
2.0000  660.5000  0.00130371
2.0000  661.2500  0.00960118
2.0000  662.0000  0.00182281
2.0000  662.7500  0.00132610
2.0000  663.5000  0.00332669
2.0000  664.2500  0.00573617
2.0000  665.0000  0.00627592
2.0000  665.7500  0.00714747
2.0000  666.5000  0.00207875
2.0000  667.2500  0.00766369
2.0000  668.0000  0.01011762
2.0000  668.7500  0.00936328
2.0000  669.5000  0.00729141
2.0000  670.2500  0.00685098
2.0000  671.0000  0.00717939
2.0000  671.7500  0.00556623
2.0000  672.5000  0.00903839
2.0000  673.2500  0.00524874
2.0000  674.0000  0.00830776
2.0000  674.7500  0.00071735
2.0000  675.5000  0.00645818
2.0000  676.2500  0.00947677
2.0000  677.0000  0.00638101
2.0000  677.7500  0.00195779
2.0000  678.5000  0.00314539
2.0000  679.2500  0.00482868
2.0000  680.0000  0.00726487
3.0000  650.0000  0.00770487
3.0000  650.7500  0.00085556
3.0000  651.5000  0.00628979
3.0000  652.2500  0.00996972
3.0000  653.0000  0.00466971
3.0000  653.7500  0.00255571
3.0000  654.5000  0.00955802
3.0000  655.2500  0.00901363
3.0000  656.0000  0.00699057
3.0000  656.7500  0.00106346
3.0000  657.5000  0.00077224
3.0000  658.2500  0.00350986
3.0000  659.0000  0.00422483
3.0000  659.7500  0.00100014
3.0000  660.5000  0.00902334
3.0000  661.2500  0.00912097
3.0000  662.0000  0.00620859
3.0000  662.7500  0.00798661
3.0000  663.5000  0.00447652
3.0000  664.2500  0.01203831
3.0000  665.0000  0.00727177
3.0000  665.7500  0.00388801
3.0000  666.5000  0.00276789
3.0000  667.2500  0.01101889
3.0000  668.0000  0.00426391
3.0000  668.7500  0.00205639
3.0000  669.5000  0.00750523
3.0000  670.2500  0.00960922
3.0000  671.0000  0.00911724
3.0000  671.7500  0.01024281
3.0000  672.5000  0.00939061
3.0000  673.2500  0.00436212
3.0000  674.0000  0.00156591
3.0000  674.7500  0.00672694
3.0000  675.5000  0.00344702
3.0000  676.2500  0.00843601
3.0000  677.0000  0.00304197
3.0000  677.7500  0.00580425
3.0000  678.5000  0.00153527
3.0000  679.2500  0.00530291
3.0000  680.0000  0.00483015
4.0000  650.0000  0.00259645
4.0000  650.7500  0.00238859
4.0000  651.5000  0.00266292
4.0000  652.2500  0.00364962
4.0000  653.0000  0.00403811
4.0000  653.7500  0.00355257
4.0000  654.5000  0.00687134
4.0000  655.2500  0.00589586
4.0000  656.0000  0.00273336
4.0000  656.7500  0.00499923
4.0000  657.5000  0.00791670
4.0000  658.2500  0.00347412
4.0000  659.0000  0.00340998
4.0000  659.7500  0.00333835
4.0000  660.5000  0.00891452
4.0000  661.2500  0.00804008
4.0000  662.0000  0.00985940
4.0000  662.7500  0.01377118
4.0000  663.5000  0.00538268
4.0000  664.2500  0.00792597
4.0000  665.0000  0.00721401
4.0000  665.7500  0.00717472
4.0000  666.5000  0.01396080
4.0000  667.2500  0.00819551
4.0000  668.0000  0.00696703
4.0000  668.7500  0.00453354
4.0000  669.5000  0.00596160
4.0000  670.2500  0.00854593
4.0000  671.0000  0.01060519
4.0000  671.7500  0.00820385
4.0000  672.5000  0.00564681
4.0000  673.2500  0.00840906
4.0000  674.0000  0.00251126
4.0000  674.7500  0.00336977
4.0000  675.5000  0.00187958
4.0000  676.2500  0.00835272
4.0000  677.0000  0.00115483
4.0000  677.7500  0.00701448
4.0000  678.5000  0.00510695
4.0000  679.2500  0.00065477
4.0000  680.0000  0.00657121
5.0000  650.0000  0.00592608
5.0000  650.7500  0.00823878
5.0000  651.5000  0.00038708
5.0000  652.2500  0.00760418
5.0000  653.0000  0.00721711
5.0000  653.7500  0.00049733
5.0000  654.5000  0.00860693
5.0000  655.2500  0.00886147
5.0000  656.0000  0.00149017
5.0000  656.7500  0.00228358
5.0000  657.5000  0.01025465
5.0000  658.2500  0.00529609
5.0000  659.0000  0.00727278
5.0000  659.7500  0.01180340
5.0000  660.5000  0.01171227
5.0000  661.2500  0.00763875
5.0000  662.0000  0.00883719
5.0000  662.7500  0.00911668
5.0000  663.5000  0.01350934
5.0000  664.2500  0.01363813
5.0000  665.0000  0.02052934
5.0000  665.7500  0.01519151
5.0000  666.5000  0.01731504
5.0000  667.2500  0.01638335
5.0000  668.0000  0.00880611
5.0000  668.7500  0.00835313
5.0000  669.5000  0.01395572
5.0000  670.2500  0.00602155
5.0000  671.0000  0.01029366
5.0000  671.7500  0.00305872
5.0000  672.5000  0.00994813
5.0000  673.2500  0.00391469
5.0000  674.0000  0.00622297
5.0000  674.7500  0.00679691
5.0000  675.5000  0.00699278
5.0000  676.2500  0.00481657
5.0000  677.0000  0.00723522
5.0000  677.7500  0.00410393
5.0000  678.5000  0.00851836
5.0000  679.2500  0.00232181
5.0000  680.0000  0.00313215
6.0000  650.0000  0.00381537
6.0000  650.7500  0.00627681
6.0000  651.5000  0.00639044
6.0000  652.2500  0.00759566
6.0000  653.0000  0.00404396
6.0000  653.7500  0.00205863
6.0000  654.5000  0.00472600
6.0000  655.2500  0.00968898
6.0000  656.0000  0.00771261
6.0000  656.7500  0.00786239
6.0000  657.5000  0.00502488
6.0000  658.2500  0.00851555
6.0000  659.0000  0.01239986
6.0000  659.7500  0.01159288
6.0000  660.5000  0.01247238
6.0000  661.2500  0.01435271
6.0000  662.0000  0.02155320
6.0000  662.7500  0.01604164
6.0000  663.5000  0.01994701
6.0000  664.2500  0.02395490
6.0000  665.0000  0.02214616
6.0000  665.7500  0.01971141
6.0000  666.5000  0.01859500
6.0000  667.2500  0.01734331
6.0000  668.0000  0.01593475
6.0000  668.7500  0.01132162
6.0000  669.5000  0.01159165
6.0000  670.2500  0.01382709
6.0000  671.0000  0.01095293
6.0000  671.7500  0.01009329
6.0000  672.5000  0.00909948
6.0000  673.2500  0.00225899
6.0000  674.0000  0.00199473
6.0000  674.7500  0.00437086
6.0000  675.5000  0.00901492
6.0000  676.2500  0.00889036
6.0000  677.0000  0.00927220
6.0000  677.7500  0.00205730
6.0000  678.5000  0.00304852
6.0000  679.2500  0.00917708
6.0000  680.0000  0.00055969
7.0000  650.0000  0.00457464
7.0000  650.7500  0.00373301
7.0000  651.5000  0.00143306
7.0000  652.2500  0.00359502
7.0000  653.0000  0.00923201
7.0000  653.7500  0.00120058
7.0000  654.5000  0.00339298
7.0000  655.2500  0.00828625
7.0000  656.0000  0.00267136
7.0000  656.7500  0.00421327
7.0000  657.5000  0.00751032
7.0000  658.2500  0.01034519
7.0000  659.0000  0.01286856
7.0000  659.7500  0.01669813
7.0000  660.5000  0.01913450
7.0000  661.2500  0.01807675
7.0000  662.0000  0.02470520
7.0000  662.7500  0.03637939
7.0000  663.5000  0.03515592
7.0000  664.2500  0.04211807
7.0000  665.0000  0.03815782
7.0000  665.7500  0.03747931
7.0000  666.5000  0.03910609
7.0000  667.2500  0.03215302
7.0000  668.0000  0.02853714
7.0000  668.7500  0.02313534
7.0000  669.5000  0.01535889
7.0000  670.2500  0.01722452
7.0000  671.0000  0.00982107
7.0000  671.7500  0.00985153
7.0000  672.5000  0.00367368
7.0000  673.2500  0.00248968
7.0000  674.0000  0.01047204
7.0000  674.7500  0.00580223
7.0000  675.5000  0.00187814
7.0000  676.2500  0.00091312
7.0000  677.0000  0.00060070
7.0000  677.7500  0.00257170
7.0000  678.5000  0.00851463
7.0000  679.2500  0.00906746
7.0000  680.0000  0.00190087
8.0000  650.0000  0.00057618
8.0000  650.7500  0.00432994
8.0000  651.5000  0.00380603
8.0000  652.2500  0.00758856
8.0000  653.0000  0.00102290
8.0000  653.7500  0.00755048
8.0000  654.5000  0.00885460
8.0000  655.2500  0.01000067
8.0000  656.0000  0.00780156
8.0000  656.7500  0.00770005
8.0000  657.5000  0.01057815
8.0000  658.2500  0.01204396
8.0000  659.0000  0.01739613
8.0000  659.7500  0.02323688
8.0000  660.5000  0.02470638
8.0000  661.2500  0.03401127
8.0000  662.0000  0.03880998
8.0000  662.7500  0.05294346
8.0000  663.5000  0.05360181
8.0000  664.2500  0.06260486
8.0000  665.0000  0.05816901
8.0000  665.7500  0.05537228
8.0000  666.5000  0.05643379
8.0000  667.2500  0.04511391
8.0000  668.0000  0.04056462
8.0000  668.7500  0.03168955
8.0000  669.5000  0.02732318
8.0000  670.2500  0.01907114
8.0000  671.0000  0.01789413
8.0000  671.7500  0.01453010
8.0000  672.5000  0.00707911
8.0000  673.2500  0.00539821
8.0000  674.0000  0.00753202
8.0000  674.7500  0.00124319
8.0000  675.5000  0.00192700
8.0000  676.2500  0.00248821
8.0000  677.0000  0.00721524
8.0000  677.7500  0.00631284
8.0000  678.5000  0.00606495
8.0000  679.2500  0.00984012
8.0000  680.0000  0.00989881
9.0000  650.0000  0.00364327
9.0000  650.7500  0.00010673
9.0000  651.5000  0.00469355
9.0000  652.2500  0.00453487
9.0000  653.0000  0.00858293
9.0000  653.7500  0.00545115
9.0000  654.5000  0.00874555
9.0000  655.2500  0.01046550
9.0000  656.0000  0.00659151
9.0000  656.7500  0.01144212
9.0000  657.5000  0.01171761
9.0000  658.2500  0.01275712
9.0000  659.0000  0.01487375
9.0000  659.7500  0.02555121
9.0000  660.5000  0.03590561
9.0000  661.2500  0.05087313
9.0000  662.0000  0.06492523
9.0000  662.7500  0.07345119
9.0000  663.5000  0.08073093
9.0000  664.2500  0.09462441
9.0000  665.0000  0.09659184
9.0000  665.7500  0.09171844
9.0000  666.5000  0.08197633
9.0000  667.2500  0.07350471
9.0000  668.0000  0.06467661
9.0000  668.7500  0.05201980
9.0000  669.5000  0.03631780
9.0000  670.2500  0.03008386
9.0000  671.0000  0.01947862
9.0000  671.7500  0.01479351
9.0000  672.5000  0.00624946
9.0000  673.2500  0.00334471
9.0000  674.0000  0.00211527
9.0000  674.7500  0.00334268
9.0000  675.5000  0.00461397
9.0000  676.2500  0.00678224
9.0000  677.0000  0.00455100
9.0000  677.7500  0.00509299
9.0000  678.5000  0.00466519
9.0000  679.2500  0.00938212
9.0000  680.0000  0.00112133
10.0000  650.0000  0.00689768
10.0000  650.7500  0.00935224
10.0000  651.5000  0.00010446
10.0000  652.2500  0.00855152
10.0000  653.0000  0.00598765
10.0000  653.7500  0.00562738
10.0000  654.5000  0.00320772
10.0000  655.2500  0.00309885
10.0000  656.0000  0.00275398
10.0000  656.7500  0.00970694
10.0000  657.5000  0.01081782
10.0000  658.2500  0.02083025
10.0000  659.0000  0.02820304
10.0000  659.7500  0.04348647
10.0000  660.5000  0.05147639
10.0000  661.2500  0.07410147
10.0000  662.0000  0.08885116
10.0000  662.7500  0.11265191
10.0000  663.5000  0.12096290
10.0000  664.2500  0.13508382
10.0000  665.0000  0.14196645
10.0000  665.7500  0.13800475
10.0000  666.5000  0.12678711
10.0000  667.2500  0.11104588
10.0000  668.0000  0.09449811
10.0000  668.7500  0.07151656
10.0000  669.5000  0.05809383
10.0000  670.2500  0.03902728
10.0000  671.0000  0.02638741
10.0000  671.7500  0.02247763
10.0000  672.5000  0.01698720
10.0000  673.2500  0.00829906
10.0000  674.0000  0.01214131
10.0000  674.7500  0.00940548
10.0000  675.5000  0.00670873
10.0000  676.2500  0.00731541
10.0000  677.0000  0.00539341
10.0000  677.7500  0.00219480
10.0000  678.5000  0.00035494
10.0000  679.2500  0.00660571
10.0000  680.0000  0.00068955
11.0000  650.0000  0.00674381
11.0000  650.7500  0.00696643
11.0000  651.5000  0.00604304
11.0000  652.2500  0.00197141
11.0000  653.0000  0.00715941
11.0000  653.7500  0.01006858
11.0000  654.5000  0.00826208
11.0000  655.2500  0.00173261
11.0000  656.0000  0.01244906
11.0000  656.7500  0.00976816
11.0000  657.5000  0.01453171
11.0000  658.2500  0.02853888
11.0000  659.0000  0.03840434
11.0000  659.7500  0.05271482
11.0000  660.5000  0.07429915
11.0000  661.2500  0.10763642
11.0000  662.0000  0.13179601
11.0000  662.7500  0.15489921
11.0000  663.5000  0.18304922
11.0000  664.2500  0.19436741
11.0000  665.0000  0.20063180
11.0000  665.7500  0.19621377
11.0000  666.5000  0.18344127
11.0000  667.2500  0.16342933
11.0000  668.0000  0.13058191
11.0000  668.7500  0.09823549
11.0000  669.5000  0.07988068
11.0000  670.2500  0.05280144
11.0000  671.0000  0.03432030
11.0000  671.7500  0.02953112
11.0000  672.5000  0.01593710
11.0000  673.2500  0.00675559
11.0000  674.0000  0.01111633
11.0000  674.7500  0.00266194
11.0000  675.5000  0.00952136
11.0000  676.2500  0.01026250
11.0000  677.0000  0.00710233
11.0000  677.7500  0.00145253
11.0000  678.5000  0.00419518
11.0000  679.2500  0.00023075
11.0000  680.0000  0.00448941
12.0000  650.0000  0.00338041
12.0000  650.7500  0.00761884
12.0000  651.5000  0.00669771
12.0000  652.2500  0.00696638
12.0000  653.0000  0.00644620
12.0000  653.7500  0.00928520
12.0000  654.5000  0.01111195
12.0000  655.2500  0.00452862
12.0000  656.0000  0.00979799
12.0000  656.7500  0.01555512
12.0000  657.5000  0.01685827
12.0000  658.2500  0.02993688
12.0000  659.0000  0.05473129
12.0000  659.7500  0.07279813
12.0000  660.5000  0.10774858
12.0000  661.2500  0.14132762
12.0000  662.0000  0.18087766
12.0000  662.7500  0.21909486
12.0000  663.5000  0.25169155
12.0000  664.2500  0.27531023
12.0000  665.0000  0.28427118
12.0000  665.7500  0.27511003
12.0000  666.5000  0.25230272
12.0000  667.2500  0.22214850
12.0000  668.0000  0.17892360
12.0000  668.7500  0.14058513
12.0000  669.5000  0.10983875
12.0000  670.2500  0.07779618
12.0000  671.0000  0.05076958
12.0000  671.7500  0.03776452
12.0000  672.5000  0.02457911
12.0000  673.2500  0.01344589
12.0000  674.0000  0.01321023
12.0000  674.7500  0.00477453
12.0000  675.5000  0.00754243
12.0000  676.2500  0.01043427
12.0000  677.0000  0.00140792
12.0000  677.7500  0.00443135
12.0000  678.5000  0.00150929
12.0000  679.2500  0.00392499
12.0000  680.0000  0.00924667
13.0000  650.0000  0.00504956
13.0000  650.7500  0.00836451
13.0000  651.5000  0.00812340
13.0000  652.2500  0.00048977
13.0000  653.0000  0.00628611
13.0000  653.7500  0.00711123
13.0000  654.5000  0.00735052
13.0000  655.2500  0.00778356
13.0000  656.0000  0.01411307
13.0000  656.7500  0.01511948
13.0000  657.5000  0.03068065
13.0000  658.2500  0.03999836
13.0000  659.0000  0.06612082
13.0000  659.7500  0.09990787
13.0000  660.5000  0.14318520
13.0000  661.2500  0.18587999
13.0000  662.0000  0.24683062
13.0000  662.7500  0.29228482
13.0000  663.5000  0.34316343
13.0000  664.2500  0.37171337
13.0000  665.0000  0.38193274
13.0000  665.7500  0.37007287
13.0000  666.5000  0.33601469
13.0000  667.2500  0.29162475
13.0000  668.0000  0.23933082
13.0000  668.7500  0.19253041
13.0000  669.5000  0.14264654
13.0000  670.2500  0.10025523
13.0000  671.0000  0.06720311
13.0000  671.7500  0.04604738
13.0000  672.5000  0.02438311
13.0000  673.2500  0.01404611
13.0000  674.0000  0.01136584
13.0000  674.7500  0.00603888
13.0000  675.5000  0.00663725
13.0000  676.2500  0.01031241
13.0000  677.0000  0.00366200
13.0000  677.7500  0.00155055
13.0000  678.5000  0.00744933
13.0000  679.2500  0.00127749
13.0000  680.0000  0.00153425
14.0000  650.0000  0.00520733
14.0000  650.7500  0.00389239
14.0000  651.5000  0.00914006
14.0000  652.2500  0.00319089
14.0000  653.0000  0.00484339
14.0000  653.7500  0.00602480
14.0000  654.5000  0.00934443
14.0000  655.2500  0.01261492
14.0000  656.0000  0.01630743
14.0000  656.7500  0.01757559
14.0000  657.5000  0.03786060
14.0000  658.2500  0.05910391
14.0000  659.0000  0.08555289
14.0000  659.7500  0.13163109
14.0000  660.5000  0.17755443
14.0000  661.2500  0.24375245
14.0000  662.0000  0.31090011
14.0000  662.7500  0.38532745
14.0000  663.5000  0.44442192
14.0000  664.2500  0.47613203
14.0000  665.0000  0.48949385
14.0000  665.7500  0.47617870
14.0000  666.5000  0.44088192
14.0000  667.2500  0.38722428
14.0000  668.0000  0.31922829
14.0000  668.7500  0.24192487
14.0000  669.5000  0.18584869
14.0000  670.2500  0.13101128
14.0000  671.0000  0.08454529
14.0000  671.7500  0.05593464
14.0000  672.5000  0.02941491
14.0000  673.2500  0.02585993
14.0000  674.0000  0.01031359
14.0000  674.7500  0.00610437
14.0000  675.5000  0.00299573
14.0000  676.2500  0.00627694
14.0000  677.0000  0.00309121
14.0000  677.7500  0.00192269
14.0000  678.5000  0.00640669
14.0000  679.2500  0.00281675
14.0000  680.0000  0.00739383
15.0000  650.0000  0.00978649
15.0000  650.7500  0.00415907
15.0000  651.5000  0.00450979
15.0000  652.2500  0.00301625
15.0000  653.0000  0.00968308
15.0000  653.7500  0.01056118
15.0000  654.5000  0.00758332
15.0000  655.2500  0.00552784
15.0000  656.0000  0.01410947
15.0000  656.7500  0.02439882
15.0000  657.5000  0.04611333
15.0000  658.2500  0.06216417
15.0000  659.0000  0.10343586
15.0000  659.7500  0.15709758
15.0000  660.5000  0.22042833
15.0000  661.2500  0.30991518
15.0000  662.0000  0.38928416
15.0000  662.7500  0.47177282
15.0000  663.5000  0.54317649
15.0000  664.2500  0.59146812
15.0000  665.0000  0.61435115
15.0000  665.7500  0.59626771
15.0000  666.5000  0.54351817
15.0000  667.2500  0.47983145
15.0000  668.0000  0.39618857
15.0000  668.7500  0.30441749
15.0000  669.5000  0.22658863
15.0000  670.2500  0.15862246
15.0000  671.0000  0.11016363
15.0000  671.7500  0.06766703
15.0000  672.5000  0.04545570
15.0000  673.2500  0.02831601
15.0000  674.0000  0.01373920
15.0000  674.7500  0.00736181
15.0000  675.5000  0.00433494
15.0000  676.2500  0.01034934
15.0000  677.0000  0.00136850
15.0000  677.7500  0.00140504
15.0000  678.5000  0.00638858
15.0000  679.2500  0.00255274
15.0000  680.0000  0.00852629
16.0000  650.0000  0.00880124
16.0000  650.7500  0.00456627
16.0000  651.5000  0.00271761
16.0000  652.2500  0.00461304
16.0000  653.0000  0.00584256
16.0000  653.7500  0.00332571
16.0000  654.5000  0.00362122
16.0000  655.2500  0.01118238
16.0000  656.0000  0.01927966
16.0000  656.7500  0.02765039
16.0000  657.5000  0.04938120
16.0000  658.2500  0.07569094
16.0000  659.0000  0.12638137
16.0000  659.7500  0.19057666
16.0000  660.5000  0.27139011
16.0000  661.2500  0.36249346
16.0000  662.0000  0.46720522
16.0000  662.7500  0.56589151
16.0000  663.5000  0.65825472
16.0000  664.2500  0.70650660
16.0000  665.0000  0.73018432
16.0000  665.7500  0.71503504
16.0000  666.5000  0.65797160
16.0000  667.2500  0.56950434
16.0000  668.0000  0.46520181
16.0000  668.7500  0.36798600
16.0000  669.5000  0.27090726
16.0000  670.2500  0.19033473
16.0000  671.0000  0.12064238
16.0000  671.7500  0.08014068
16.0000  672.5000  0.05175912
16.0000  673.2500  0.02733308
16.0000  674.0000  0.01548700
16.0000  674.7500  0.01432923
16.0000  675.5000  0.00643597
16.0000  676.2500  0.00189934
16.0000  677.0000  0.01014486
16.0000  677.7500  0.00429053
16.0000  678.5000  0.01006154
16.0000  679.2500  0.00918229
16.0000  680.0000  0.00619845
17.0000  650.0000  0.00860117
17.0000  650.7500  0.00646919
17.0000  651.5000  0.00530234
17.0000  652.2500  0.00106241
17.0000  653.0000  0.00522784
17.0000  653.7500  0.00490102
17.0000  654.5000  0.00602716
17.0000  655.2500  0.00726857
17.0000  656.0000  0.02169276
17.0000  656.7500  0.03165019
17.0000  657.5000  0.05924968
17.0000  658.2500  0.09323156
17.0000  659.0000  0.13904389
17.0000  659.7500  0.21453709
17.0000  660.5000  0.30529952
17.0000  661.2500  0.42039759
17.0000  662.0000  0.53905259
17.0000  662.7500  0.65077750
17.0000  663.5000  0.74820846
17.0000  664.2500  0.82076796
17.0000  665.0000  0.84390451
17.0000  665.7500  0.81674425
17.0000  666.5000  0.75135748
17.0000  667.2500  0.64921089
17.0000  668.0000  0.53292889
17.0000  668.7500  0.42203581
17.0000  669.5000  0.30807879
17.0000  670.2500  0.21573581
17.0000  671.0000  0.14003561
17.0000  671.7500  0.08945402
17.0000  672.5000  0.05855679
17.0000  673.2500  0.03537923
17.0000  674.0000  0.02282916
17.0000  674.7500  0.01694670
17.0000  675.5000  0.00413807
17.0000  676.2500  0.00700348
17.0000  677.0000  0.00349766
17.0000  677.7500  0.00242161
17.0000  678.5000  0.00264502
17.0000  679.2500  0.00573198
17.0000  680.0000  0.00870221
18.0000  650.0000  0.00058329
18.0000  650.7500  0.00017257
18.0000  651.5000  0.00671868
18.0000  652.2500  0.00163461
18.0000  653.0000  0.00514416
18.0000  653.7500  0.01082582
18.0000  654.5000  0.00509874
18.0000  655.2500  0.00897810
18.0000  656.0000  0.02591622
18.0000  656.7500  0.03239817
18.0000  657.5000  0.06056691
18.0000  658.2500  0.10119379
18.0000  659.0000  0.15277581
18.0000  659.7500  0.23699188
18.0000  660.5000  0.34413123
18.0000  661.2500  0.46618371
18.0000  662.0000  0.59496773
18.0000  662.7500  0.72323916
18.0000  663.5000  0.82720210
18.0000  664.2500  0.90063582
18.0000  665.0000  0.92688386
18.0000  665.7500  0.90491184
18.0000  666.5000  0.82508013
18.0000  667.2500  0.72251182
18.0000  668.0000  0.59431800
18.0000  668.7500  0.46266576
18.0000  669.5000  0.33653306
18.0000  670.2500  0.23757012
18.0000  671.0000  0.15992474
18.0000  671.7500  0.09889855
18.0000  672.5000  0.05721377
18.0000  673.2500  0.03784561
18.0000  674.0000  0.02153908
18.0000  674.7500  0.01066526
18.0000  675.5000  0.00877544
18.0000  676.2500  0.01065898
18.0000  677.0000  0.00952046
18.0000  677.7500  0.00738402
18.0000  678.5000  0.00394750
18.0000  679.2500  0.00215280
18.0000  680.0000  0.00945771
19.0000  650.0000  0.00967069
19.0000  650.7500  0.00989226
19.0000  651.5000  0.00102980
19.0000  652.2500  0.00451883
19.0000  653.0000  0.00625249
19.0000  653.7500  0.00792856
19.0000  654.5000  0.00602250
19.0000  655.2500  0.01161472
19.0000  656.0000  0.02700973
19.0000  656.7500  0.03319880
19.0000  657.5000  0.06259670
19.0000  658.2500  0.10114680
19.0000  659.0000  0.16935178
19.0000  659.7500  0.25052602
19.0000  660.5000  0.36367511
19.0000  661.2500  0.48917624
19.0000  662.0000  0.62810899
19.0000  662.7500  0.76199290
19.0000  663.5000  0.87989677
19.0000  664.2500  0.95928750
19.0000  665.0000  0.98843282
19.0000  665.7500  0.96068531
19.0000  666.5000  0.87828212
19.0000  667.2500  0.76757361
19.0000  668.0000  0.62534244
19.0000  668.7500  0.49091425
19.0000  669.5000  0.36337799
19.0000  670.2500  0.25617462
19.0000  671.0000  0.16223943
19.0000  671.7500  0.10980712
19.0000  672.5000  0.06443670
19.0000  673.2500  0.03864600
19.0000  674.0000  0.02402477
19.0000  674.7500  0.00965152
19.0000  675.5000  0.00986186
19.0000  676.2500  0.00991125
19.0000  677.0000  0.00432517
19.0000  677.7500  0.00223237
19.0000  678.5000  0.00016975
19.0000  679.2500  0.00760926
19.0000  680.0000  0.00176424
20.0000  650.0000  0.00586323
20.0000  650.7500  0.00930185
20.0000  651.5000  0.00403987
20.0000  652.2500  0.00645360
20.0000  653.0000  0.00748664
20.0000  653.7500  0.00819964
20.0000  654.5000  0.00436308
20.0000  655.2500  0.01258218
20.0000  656.0000  0.01772921
20.0000  656.7500  0.03511428
20.0000  657.5000  0.06762837
20.0000  658.2500  0.10593022
20.0000  659.0000  0.17285317
20.0000  659.7500  0.25373752
20.0000  660.5000  0.36438780
20.0000  661.2500  0.50500134
20.0000  662.0000  0.64421250
20.0000  662.7500  0.78185410
20.0000  663.5000  0.89593490
20.0000  664.2500  0.97255906
20.0000  665.0000  1.00109895
20.0000  665.7500  0.97662945
20.0000  666.5000  0.89644814
20.0000  667.2500  0.77991303
20.0000  668.0000  0.64669960
20.0000  668.7500  0.50496773
20.0000  669.5000  0.36713723
20.0000  670.2500  0.26199114
20.0000  671.0000  0.17304514
20.0000  671.7500  0.11204359
20.0000  672.5000  0.06646141
20.0000  673.2500  0.03386100
20.0000  674.0000  0.01759433
20.0000  674.7500  0.01248113
20.0000  675.5000  0.01027063
20.0000  676.2500  0.00400420
20.0000  677.0000  0.00625210
20.0000  677.7500  0.00324237
20.0000  678.5000  0.00497293
20.0000  679.2500  0.00289488
20.0000  680.0000  0.00849147
21.0000  650.0000  0.00904825
21.0000  650.7500  0.00820156
21.0000  651.5000  0.00332849
21.0000  652.2500  0.00897659
21.0000  653.0000  0.00638636
21.0000  653.7500  0.01125070
21.0000  654.5000  0.01135999
21.0000  655.2500  0.01564888
21.0000  656.0000  0.02053291
21.0000  656.7500  0.04251964
21.0000  657.5000  0.06218406
21.0000  658.2500  0.10056068
21.0000  659.0000  0.16313409
21.0000  659.7500  0.24792633
21.0000  660.5000  0.36554848
21.0000  661.2500  0.48756433
21.0000  662.0000  0.62557100
21.0000  662.7500  0.76239983
21.0000  663.5000  0.87698542
21.0000  664.2500  0.96254743
21.0000  665.0000  0.98994889
21.0000  665.7500  0.95989927
21.0000  666.5000  0.88293858
21.0000  667.2500  0.76454792
21.0000  668.0000  0.62749848
21.0000  668.7500  0.49451652
21.0000  669.5000  0.35664656
21.0000  670.2500  0.24820707
21.0000  671.0000  0.17102804
21.0000  671.7500  0.10816211
21.0000  672.5000  0.06875122
21.0000  673.2500  0.03379120
21.0000  674.0000  0.01770320
21.0000  674.7500  0.00984566
21.0000  675.5000  0.00418972
21.0000  676.2500  0.00456426
21.0000  677.0000  0.00636006
21.0000  677.7500  0.00135036
21.0000  678.5000  0.00041098
21.0000  679.2500  0.00868110
21.0000  680.0000  0.00617497
22.0000  650.0000  0.00412435
22.0000  650.7500  0.00538444
22.0000  651.5000  0.00282469
22.0000  652.2500  0.00825739
22.0000  653.0000  0.00812579
22.0000  653.7500  0.00881500
22.0000  654.5000  0.00826354
22.0000  655.2500  0.01513623
22.0000  656.0000  0.01623384
22.0000  656.7500  0.04012529
22.0000  657.5000  0.06453452
22.0000  658.2500  0.09959958
22.0000  659.0000  0.15294288
22.0000  659.7500  0.23590978
22.0000  660.5000  0.34253009
22.0000  661.2500  0.46377176
22.0000  662.0000  0.59470165
22.0000  662.7500  0.72412831
22.0000  663.5000  0.83084568
22.0000  664.2500  0.90501693
22.0000  665.0000  0.92973810
22.0000  665.7500  0.90394705
22.0000  666.5000  0.82709037
22.0000  667.2500  0.72569517
22.0000  668.0000  0.59606927
22.0000  668.7500  0.46248549
22.0000  669.5000  0.33967686
22.0000  670.2500  0.23275969
22.0000  671.0000  0.16214789
22.0000  671.7500  0.10127934
22.0000  672.5000  0.06462504
22.0000  673.2500  0.03975809
22.0000  674.0000  0.01710271
22.0000  674.7500  0.01425177
22.0000  675.5000  0.00942557
22.0000  676.2500  0.01104096
22.0000  677.0000  0.00881243
22.0000  677.7500  0.00613280
22.0000  678.5000  0.00895354
22.0000  679.2500  0.00618571
22.0000  680.0000  0.00128394
23.0000  650.0000  0.00512175
23.0000  650.7500  0.00173651
23.0000  651.5000  0.00581225
23.0000  652.2500  0.00339963
23.0000  653.0000  0.00872648
23.0000  653.7500  0.00669107
23.0000  654.5000  0.00501094
23.0000  655.2500  0.01412445
23.0000  656.0000  0.02302203
23.0000  656.7500  0.03506795
23.0000  657.5000  0.05440080
23.0000  658.2500  0.08898560
23.0000  659.0000  0.13807772
23.0000  659.7500  0.21522787
23.0000  660.5000  0.30384809
23.0000  661.2500  0.41544997
23.0000  662.0000  0.53373934
23.0000  662.7500  0.64941247
23.0000  663.5000  0.75499393
23.0000  664.2500  0.81870634
23.0000  665.0000  0.83699358
23.0000  665.7500  0.81893740
23.0000  666.5000  0.75086681
23.0000  667.2500  0.65201005
23.0000  668.0000  0.54098343
23.0000  668.7500  0.42312884
23.0000  669.5000  0.31190774
23.0000  670.2500  0.21267639
23.0000  671.0000  0.14758020
23.0000  671.7500  0.09075917
23.0000  672.5000  0.05095622
23.0000  673.2500  0.03649751
23.0000  674.0000  0.02199144
23.0000  674.7500  0.01284330
23.0000  675.5000  0.01147886
23.0000  676.2500  0.00702933
23.0000  677.0000  0.00883613
23.0000  677.7500  0.00162175
23.0000  678.5000  0.00558392
23.0000  679.2500  0.00619310
23.0000  680.0000  0.00845465
24.0000  650.0000  0.00651248
24.0000  650.7500  0.00378060
24.0000  651.5000  0.00230254
24.0000  652.2500  0.00835869
24.0000  653.0000  0.00908396
24.0000  653.7500  0.00855990
24.0000  654.5000  0.00653460
24.0000  655.2500  0.00656835
24.0000  656.0000  0.01306808
24.0000  656.7500  0.02758949
24.0000  657.5000  0.04904430
24.0000  658.2500  0.07613236
24.0000  659.0000  0.12502614
24.0000  659.7500  0.19273860
24.0000  660.5000  0.26906964
24.0000  661.2500  0.36503808
24.0000  662.0000  0.46499119
24.0000  662.7500  0.56549031
24.0000  663.5000  0.65854593
24.0000  664.2500  0.71083665
24.0000  665.0000  0.73064554
24.0000  665.7500  0.71109036
24.0000  666.5000  0.65121515
24.0000  667.2500  0.56480545
24.0000  668.0000  0.47160714
24.0000  668.7500  0.36610003
24.0000  669.5000  0.26873028
24.0000  670.2500  0.18614773
24.0000  671.0000  0.12448503
24.0000  671.7500  0.08343810
24.0000  672.5000  0.04577488
24.0000  673.2500  0.03098181
24.0000  674.0000  0.01546469
24.0000  674.7500  0.00886760
24.0000  675.5000  0.00583493
24.0000  676.2500  0.00790764
24.0000  677.0000  0.00840496
24.0000  677.7500  0.00506773
24.0000  678.5000  0.00345310
24.0000  679.2500  0.00465904
24.0000  680.0000  0.00686006
25.0000  650.0000  0.00912925
25.0000  650.7500  0.00173805
25.0000  651.5000  0.00008821
25.0000  652.2500  0.00413960
25.0000  653.0000  0.00609960
25.0000  653.7500  0.00992991
25.0000  654.5000  0.00253446
25.0000  655.2500  0.01004082
25.0000  656.0000  0.02014724
25.0000  656.7500  0.02420757
25.0000  657.5000  0.04325525
25.0000  658.2500  0.07061464
25.0000  659.0000  0.10192400
25.0000  659.7500  0.15899215
25.0000  660.5000  0.22352227
25.0000  661.2500  0.30408780
25.0000  662.0000  0.39629234
25.0000  662.7500  0.47395221
25.0000  663.5000  0.54434400
25.0000  664.2500  0.59954772
25.0000  665.0000  0.60713723
25.0000  665.7500  0.59873713
25.0000  666.5000  0.55121015
25.0000  667.2500  0.47409707
25.0000  668.0000  0.38775184
25.0000  668.7500  0.30306674
25.0000  669.5000  0.22876077
25.0000  670.2500  0.16144645
25.0000  671.0000  0.10536984
25.0000  671.7500  0.07086672
25.0000  672.5000  0.03689412
25.0000  673.2500  0.02099469
25.0000  674.0000  0.02021277
25.0000  674.7500  0.00742184
25.0000  675.5000  0.01044341
25.0000  676.2500  0.00792683
25.0000  677.0000  0.00265587
25.0000  677.7500  0.00590767
25.0000  678.5000  0.00421696
25.0000  679.2500  0.00780563
25.0000  680.0000  0.00450871
26.0000  650.0000  0.00819863
26.0000  650.7500  0.00665712
26.0000  651.5000  0.00099485
26.0000  652.2500  0.00312132
26.0000  653.0000  0.00417206
26.0000  653.7500  0.00218837
26.0000  654.5000  0.00203924
26.0000  655.2500  0.01111027
26.0000  656.0000  0.01332101
26.0000  656.7500  0.01996216
26.0000  657.5000  0.03072726
26.0000  658.2500  0.05602971
26.0000  659.0000  0.09015127
26.0000  659.7500  0.12905153
26.0000  660.5000  0.18319448
26.0000  661.2500  0.24460687
26.0000  662.0000  0.31446794
26.0000  662.7500  0.38368164
26.0000  663.5000  0.44066489
26.0000  664.2500  0.48203396
26.0000  665.0000  0.49483158
26.0000  665.7500  0.47446060
26.0000  666.5000  0.44239827
26.0000  667.2500  0.38107145
26.0000  668.0000  0.31449516
26.0000  668.7500  0.24308434
26.0000  669.5000  0.18015876
26.0000  670.2500  0.13230255
26.0000  671.0000  0.08954853
26.0000  671.7500  0.05741823
26.0000  672.5000  0.03066134
26.0000  673.2500  0.02578034
26.0000  674.0000  0.01258590
26.0000  674.7500  0.00668241
26.0000  675.5000  0.00889063
26.0000  676.2500  0.00899210
26.0000  677.0000  0.00570913
26.0000  677.7500  0.00753418
26.0000  678.5000  0.00393076
26.0000  679.2500  0.00678123
26.0000  680.0000  0.00923798
27.0000  650.0000  0.00930174
27.0000  650.7500  0.00208985
27.0000  651.5000  0.00239309
27.0000  652.2500  0.00651361
27.0000  653.0000  0.00075172
27.0000  653.7500  0.00724043
27.0000  654.5000  0.00845163
27.0000  655.2500  0.00368267
27.0000  656.0000  0.00753749
27.0000  656.7500  0.01431479
27.0000  657.5000  0.03195213
27.0000  658.2500  0.04432334
27.0000  659.0000  0.06750005
27.0000  659.7500  0.10299016
27.0000  660.5000  0.14001778
27.0000  661.2500  0.18701274
27.0000  662.0000  0.23956495
27.0000  662.7500  0.29333495
27.0000  663.5000  0.33918002
27.0000  664.2500  0.36721765
27.0000  665.0000  0.37626593
27.0000  665.7500  0.36738842
27.0000  666.5000  0.34045228
27.0000  667.2500  0.29243165
27.0000  668.0000  0.24473056
27.0000  668.7500  0.19387467
27.0000  669.5000  0.14019176
27.0000  670.2500  0.09532233
27.0000  671.0000  0.06609637
27.0000  671.7500  0.04119405
27.0000  672.5000  0.02922735
27.0000  673.2500  0.01975991
27.0000  674.0000  0.01179428
27.0000  674.7500  0.01074681
27.0000  675.5000  0.00874114
27.0000  676.2500  0.00129532
27.0000  677.0000  0.00642618
27.0000  677.7500  0.00734452
27.0000  678.5000  0.00453934
27.0000  679.2500  0.00304971
27.0000  680.0000  0.00101016
28.0000  650.0000  0.00986215
28.0000  650.7500  0.00707648
28.0000  651.5000  0.00045663
28.0000  652.2500  0.00794266
28.0000  653.0000  0.00941815
28.0000  653.7500  0.00132971
28.0000  654.5000  0.00273616
28.0000  655.2500  0.01023706
28.0000  656.0000  0.01044035
28.0000  656.7500  0.01278964
28.0000  657.5000  0.02069595
28.0000  658.2500  0.03161214
28.0000  659.0000  0.05182138
28.0000  659.7500  0.07069075
28.0000  660.5000  0.10405393
28.0000  661.2500  0.13774989
28.0000  662.0000  0.18134126
28.0000  662.7500  0.22071762
28.0000  663.5000  0.25832635
28.0000  664.2500  0.28001707
28.0000  665.0000  0.28762834
28.0000  665.7500  0.27756057
28.0000  666.5000  0.25699693
28.0000  667.2500  0.21612468
28.0000  668.0000  0.18101264
28.0000  668.7500  0.14513415
28.0000  669.5000  0.10981608
28.0000  670.2500  0.07969599
28.0000  671.0000  0.05089250
28.0000  671.7500  0.03199240
28.0000  672.5000  0.02636663
28.0000  673.2500  0.01326955
28.0000  674.0000  0.00839465
28.0000  674.7500  0.00750411
28.0000  675.5000  0.00602935
28.0000  676.2500  0.00195123
28.0000  677.0000  0.00706370
28.0000  677.7500  0.00740732
28.0000  678.5000  0.00502358
28.0000  679.2500  0.00226881
28.0000  680.0000  0.00923980
29.0000  650.0000  0.00416119
29.0000  650.7500  0.00660704
29.0000  651.5000  0.00834763
29.0000  652.2500  0.00548898
29.0000  653.0000  0.00518781
29.0000  653.7500  0.00550470
29.0000  654.5000  0.00219897
29.0000  655.2500  0.00706986
29.0000  656.0000  0.00974305
29.0000  656.7500  0.01235287
29.0000  657.5000  0.01601035
29.0000  658.2500  0.02490858
29.0000  659.0000  0.04192743
29.0000  659.7500  0.04988699
29.0000  660.5000  0.07853378
29.0000  661.2500  0.10535089
29.0000  662.0000  0.12848785
29.0000  662.7500  0.16211850
29.0000  663.5000  0.17786258
29.0000  664.2500  0.20181345
29.0000  665.0000  0.20458118
29.0000  665.7500  0.19354645
29.0000  666.5000  0.17988563
29.0000  667.2500  0.15943126
29.0000  668.0000  0.13344369
29.0000  668.7500  0.10139561
29.0000  669.5000  0.07297516
29.0000  670.2500  0.05123401
29.0000  671.0000  0.03493414
29.0000  671.7500  0.02596264
29.0000  672.5000  0.02177434
29.0000  673.2500  0.01556370
29.0000  674.0000  0.00539258
29.0000  674.7500  0.00172497
29.0000  675.5000  0.00269133
29.0000  676.2500  0.00240797
29.0000  677.0000  0.00061591
29.0000  677.7500  0.00851602
29.0000  678.5000  0.00495629
29.0000  679.2500  0.00375970
29.0000  680.0000  0.00538222
30.0000  650.0000  0.00571702
30.0000  650.7500  0.00533947
30.0000  651.5000  0.00755903
30.0000  652.2500  0.00535139
30.0000  653.0000  0.00754382
30.0000  653.7500  0.00553034
30.0000  654.5000  0.00681091
30.0000  655.2500  0.00928645
30.0000  656.0000  0.00326360
30.0000  656.7500  0.01334861
30.0000  657.5000  0.01416985
30.0000  658.2500  0.01498271
30.0000  659.0000  0.02548486
30.0000  659.7500  0.03507649
30.0000  660.5000  0.05739169
30.0000  661.2500  0.07648031
30.0000  662.0000  0.09627266
30.0000  662.7500  0.11039049
30.0000  663.5000  0.12185631
30.0000  664.2500  0.13991974
30.0000  665.0000  0.13921308
30.0000  665.7500  0.13719044
30.0000  666.5000  0.12946220
30.0000  667.2500  0.10686621
30.0000  668.0000  0.08643112
30.0000  668.7500  0.07594841
30.0000  669.5000  0.05142900
30.0000  670.2500  0.03818716
30.0000  671.0000  0.02804869
30.0000  671.7500  0.02221535
30.0000  672.5000  0.01591108
30.0000  673.2500  0.00455015
30.0000  674.0000  0.00358584
30.0000  674.7500  0.00891052
30.0000  675.5000  0.01021294
30.0000  676.2500  0.00723626
30.0000  677.0000  0.00260738
30.0000  677.7500  0.00523756
30.0000  678.5000  0.00952506
30.0000  679.2500  0.00595709
30.0000  680.0000  0.00128372
31.0000  650.0000  0.00744411
31.0000  650.7500  0.00562826
31.0000  651.5000  0.01000812
31.0000  652.2500  0.00719726
31.0000  653.0000  0.00636091
31.0000  653.7500  0.00228832
31.0000  654.5000  0.00116245
31.0000  655.2500  0.00253193
31.0000  656.0000  0.00340755
31.0000  656.7500  0.01015458
31.0000  657.5000  0.00557761
31.0000  658.2500  0.01345211
31.0000  659.0000  0.01955543
31.0000  659.7500  0.02399669
31.0000  660.5000  0.04230094
31.0000  661.2500  0.04813403
31.0000  662.0000  0.06491105
31.0000  662.7500  0.07163289
31.0000  663.5000  0.08300272
31.0000  664.2500  0.09576810
31.0000  665.0000  0.09232221
31.0000  665.7500  0.08982879
31.0000  666.5000  0.08696382
31.0000  667.2500  0.07329070
31.0000  668.0000  0.06475160
31.0000  668.7500  0.04997646
31.0000  669.5000  0.03331807
31.0000  670.2500  0.02745302
31.0000  671.0000  0.01506045
31.0000  671.7500  0.01363581
31.0000  672.5000  0.00833773
31.0000  673.2500  0.00697599
31.0000  674.0000  0.00650724
31.0000  674.7500  0.00891423
31.0000  675.5000  0.00825623
31.0000  676.2500  0.00505595
31.0000  677.0000  0.00377244
31.0000  677.7500  0.00371261
31.0000  678.5000  0.00440007
31.0000  679.2500  0.00091367
31.0000  680.0000  0.00264327
32.0000  650.0000  0.00508975
32.0000  650.7500  0.00580526
32.0000  651.5000  0.00929391
32.0000  652.2500  0.00440652
32.0000  653.0000  0.00500349
32.0000  653.7500  0.00575051
32.0000  654.5000  0.00145293
32.0000  655.2500  0.00444492
32.0000  656.0000  0.00184773
32.0000  656.7500  0.01029162
32.0000  657.5000  0.00533666
32.0000  658.2500  0.01284217
32.0000  659.0000  0.01130424
32.0000  659.7500  0.01610298
32.0000  660.5000  0.02700811
32.0000  661.2500  0.03237402
32.0000  662.0000  0.04008703
32.0000  662.7500  0.04448781
32.0000  663.5000  0.05966816
32.0000  664.2500  0.06109667
32.0000  665.0000  0.06289584
32.0000  665.7500  0.06091394
32.0000  666.5000  0.05513012
32.0000  667.2500  0.04880551
32.0000  668.0000  0.04231013
32.0000  668.7500  0.03748211
32.0000  669.5000  0.02988909
32.0000  670.2500  0.01915451
32.0000  671.0000  0.01032477
32.0000  671.7500  0.01076804
32.0000  672.5000  0.00627334
32.0000  673.2500  0.00322291
32.0000  674.0000  0.00734487
32.0000  674.7500  0.00544145
32.0000  675.5000  0.00053922
32.0000  676.2500  0.00021637
32.0000  677.0000  0.00255255
32.0000  677.7500  0.00387248
32.0000  678.5000  0.00244154
32.0000  679.2500  0.00131312
32.0000  680.0000  0.00953934
33.0000  650.0000  0.00972212
33.0000  650.7500  0.00322556
33.0000  651.5000  0.00940248
33.0000  652.2500  0.00782580
33.0000  653.0000  0.00956864
33.0000  653.7500  0.00698809
33.0000  654.5000  0.00394941
33.0000  655.2500  0.00956124
33.0000  656.0000  0.00504705
33.0000  656.7500  0.00742677
33.0000  657.5000  0.00582415
33.0000  658.2500  0.00651216
33.0000  659.0000  0.00834603
33.0000  659.7500  0.01113422
33.0000  660.5000  0.02099881
33.0000  661.2500  0.01777376
33.0000  662.0000  0.03060481
33.0000  662.7500  0.02909838
33.0000  663.5000  0.03803122
33.0000  664.2500  0.04142147
33.0000  665.0000  0.04012938
33.0000  665.7500  0.04199922
33.0000  666.5000  0.03246282
33.0000  667.2500  0.03609478
33.0000  668.0000  0.03072450
33.0000  668.7500  0.02040145
33.0000  669.5000  0.02014462
33.0000  670.2500  0.01381562
33.0000  671.0000  0.00834605
33.0000  671.7500  0.00690901
33.0000  672.5000  0.01098353
33.0000  673.2500  0.00967582
33.0000  674.0000  0.00847927
33.0000  674.7500  0.00477189
33.0000  675.5000  0.00424088
33.0000  676.2500  0.00179876
33.0000  677.0000  0.00164751
33.0000  677.7500  0.00562314
33.0000  678.5000  0.00071419
33.0000  679.2500  0.00023517
33.0000  680.0000  0.00650070
34.0000  650.0000  0.00381545
34.0000  650.7500  0.00564174
34.0000  651.5000  0.00635827
34.0000  652.2500  0.00714889
34.0000  653.0000  0.00333943
34.0000  653.7500  0.00036922
34.0000  654.5000  0.00344522
34.0000  655.2500  0.00534902
34.0000  656.0000  0.00556388
34.0000  656.7500  0.00796741
34.0000  657.5000  0.00304579
34.0000  658.2500  0.00572493
34.0000  659.0000  0.00357972
34.0000  659.7500  0.00748238
34.0000  660.5000  0.01262292
34.0000  661.2500  0.01495050
34.0000  662.0000  0.01812273
34.0000  662.7500  0.01669558
34.0000  663.5000  0.02375072
34.0000  664.2500  0.02108082
34.0000  665.0000  0.02724247
34.0000  665.7500  0.02747455
34.0000  666.5000  0.02063941
34.0000  667.2500  0.02211046
34.0000  668.0000  0.01783713
34.0000  668.7500  0.01402317
34.0000  669.5000  0.01407090
34.0000  670.2500  0.00776407
34.0000  671.0000  0.00570268
34.0000  671.7500  0.00945566
34.0000  672.5000  0.00988907
34.0000  673.2500  0.00899017
34.0000  674.0000  0.00888960
34.0000  674.7500  0.00837725
34.0000  675.5000  0.00801338
34.0000  676.2500  0.00244899
34.0000  677.0000  0.00510401
34.0000  677.7500  0.00017789
34.0000  678.5000  0.00921724
34.0000  679.2500  0.00480546
34.0000  680.0000  0.00368146
35.0000  650.0000  0.00276145
35.0000  650.7500  0.00277112
35.0000  651.5000  0.00230842
35.0000  652.2500  0.00927719
35.0000  653.0000  0.00097071
35.0000  653.7500  0.00018998
35.0000  654.5000  0.00203369
35.0000  655.2500  0.00045450
35.0000  656.0000  0.00289503
35.0000  656.7500  0.00337120
35.0000  657.5000  0.00537310
35.0000  658.2500  0.00708280
35.0000  659.0000  0.01179941
35.0000  659.7500  0.00717883
35.0000  660.5000  0.01316250
35.0000  661.2500  0.01314182
35.0000  662.0000  0.01017646
35.0000  662.7500  0.01334844
35.0000  663.5000  0.01521401
35.0000  664.2500  0.01154020
35.0000  665.0000  0.01795829
35.0000  665.7500  0.02033634
35.0000  666.5000  0.01894303
35.0000  667.2500  0.01674907
35.0000  668.0000  0.01021237
35.0000  668.7500  0.00836709
35.0000  669.5000  0.00668741
35.0000  670.2500  0.01170692
35.0000  671.0000  0.00289416
35.0000  671.7500  0.00286410
35.0000  672.5000  0.00478286
35.0000  673.2500  0.00490850
35.0000  674.0000  0.00888327
35.0000  674.7500  0.00079453
35.0000  675.5000  0.00255745
35.0000  676.2500  0.00358089
35.0000  677.0000  0.00551514
35.0000  677.7500  0.00200361
35.0000  678.5000  0.00399839
35.0000  679.2500  0.00973521
35.0000  680.0000  0.00555692
36.0000  650.0000  0.00428200
36.0000  650.7500  0.00597129
36.0000  651.5000  0.00718194
36.0000  652.2500  0.00239460
36.0000  653.0000  0.00429455
36.0000  653.7500  0.00734584
36.0000  654.5000  0.00043419
36.0000  655.2500  0.00233473
36.0000  656.0000  0.00092212
36.0000  656.7500  0.00498474
36.0000  657.5000  0.00991687
36.0000  658.2500  0.00399349
36.0000  659.0000  0.00758078
36.0000  659.7500  0.00774534
36.0000  660.5000  0.00949531
36.0000  661.2500  0.00711767
36.0000  662.0000  0.01262804
36.0000  662.7500  0.00936718
36.0000  663.5000  0.00963615
36.0000  664.2500  0.01197469
36.0000  665.0000  0.01351695
36.0000  665.7500  0.01251672
36.0000  666.5000  0.01345513
36.0000  667.2500  0.01300241
36.0000  668.0000  0.01064420
36.0000  668.7500  0.00320466
36.0000  669.5000  0.00967299
36.0000  670.2500  0.00921507
36.0000  671.0000  0.01097276
36.0000  671.7500  0.00076617
36.0000  672.5000  0.00521791
36.0000  673.2500  0.00526782
36.0000  674.0000  0.00503365
36.0000  674.7500  0.00787921
36.0000  675.5000  0.00587086
36.0000  676.2500  0.00066913
36.0000  677.0000  0.00023336
36.0000  677.7500  0.00040667
36.0000  678.5000  0.00985310
36.0000  679.2500  0.00373279
36.0000  680.0000  0.00102499
37.0000  650.0000  0.00806468
37.0000  650.7500  0.00498886
37.0000  651.5000  0.00044153
37.0000  652.2500  0.00851888
37.0000  653.0000  0.00955756
37.0000  653.7500  0.00227644
37.0000  654.5000  0.00157590
37.0000  655.2500  0.00219276
37.0000  656.0000  0.00410492
37.0000  656.7500  0.00922136
37.0000  657.5000  0.00386109
37.0000  658.2500  0.00736403
37.0000  659.0000  0.00794133
37.0000  659.7500  0.00538013
37.0000  660.5000  0.00788355
37.0000  661.2500  0.00358119
37.0000  662.0000  0.00694006
37.0000  662.7500  0.00976226
37.0000  663.5000  0.01227124
37.0000  664.2500  0.00944879
37.0000  665.0000  0.00753402
37.0000  665.7500  0.00387843
37.0000  666.5000  0.01173768
37.0000  667.2500  0.01207073
37.0000  668.0000  0.00821576
37.0000  668.7500  0.01060154
37.0000  669.5000  0.00887888
37.0000  670.2500  0.00643422
37.0000  671.0000  0.00835492
37.0000  671.7500  0.00534889
37.0000  672.5000  0.00625158
37.0000  673.2500  0.00195445
37.0000  674.0000  0.00466505
37.0000  674.7500  0.00054624
37.0000  675.5000  0.00150206
37.0000  676.2500  0.00274664
37.0000  677.0000  0.00780358
37.0000  677.7500  0.00617927
37.0000  678.5000  0.00355976
37.0000  679.2500  0.00487714
37.0000  680.0000  0.00875467
38.0000  650.0000  0.00727665
38.0000  650.7500  0.00066084
38.0000  651.5000  0.00282112
38.0000  652.2500  0.00170456
38.0000  653.0000  0.00172655
38.0000  653.7500  0.00545079
38.0000  654.5000  0.00253546
38.0000  655.2500  0.00878900
38.0000  656.0000  0.00949524
38.0000  656.7500  0.00635539
38.0000  657.5000  0.00115577
38.0000  658.2500  0.00025255
38.0000  659.0000  0.00278575
38.0000  659.7500  0.00884080
38.0000  660.5000  0.00247235
38.0000  661.2500  0.01073426
38.0000  662.0000  0.00602957
38.0000  662.7500  0.00170412
38.0000  663.5000  0.00403225
38.0000  664.2500  0.00579772
38.0000  665.0000  0.01029557
38.0000  665.7500  0.01129892
38.0000  666.5000  0.00269063
38.0000  667.2500  0.00570029
38.0000  668.0000  0.00886991
38.0000  668.7500  0.00139422
38.0000  669.5000  0.00094658
38.0000  670.2500  0.00068582
38.0000  671.0000  0.00375758
38.0000  671.7500  0.00691778
38.0000  672.5000  0.00252405
38.0000  673.2500  0.00100271
38.0000  674.0000  0.00224598
38.0000  674.7500  0.00233587
38.0000  675.5000  0.00214426
38.0000  676.2500  0.00149763
38.0000  677.0000  0.00138866
38.0000  677.7500  0.00212980
38.0000  678.5000  0.00899404
38.0000  679.2500  0.00420116
38.0000  680.0000  0.00898070
39.0000  650.0000  0.00218703
39.0000  650.7500  0.00304633
39.0000  651.5000  0.00413773
39.0000  652.2500  0.00229328
39.0000  653.0000  0.00821547
39.0000  653.7500  0.00935032
39.0000  654.5000  0.00369120
39.0000  655.2500  0.00703395
39.0000  656.0000  0.00305776
39.0000  656.7500  0.00208210
39.0000  657.5000  0.00522861
39.0000  658.2500  0.00216733
39.0000  659.0000  0.00955074
39.0000  659.7500  0.00504605
39.0000  660.5000  0.00412010
39.0000  661.2500  0.01024666
39.0000  662.0000  0.00933075
39.0000  662.7500  0.01051481
39.0000  663.5000  0.00556579
39.0000  664.2500  0.00965560
39.0000  665.0000  0.00887316
39.0000  665.7500  0.00276099
39.0000  666.5000  0.00666896
39.0000  667.2500  0.01040972
39.0000  668.0000  0.00930055
39.0000  668.7500  0.00172489
39.0000  669.5000  0.00980698
39.0000  670.2500  0.00830302
39.0000  671.0000  0.00599276
39.0000  671.7500  0.00070649
39.0000  672.5000  0.00804610
39.0000  673.2500  0.00849453
39.0000  674.0000  0.00167283
39.0000  674.7500  0.00533332
39.0000  675.5000  0.00596120
39.0000  676.2500  0.00627356
39.0000  677.0000  0.00987913
39.0000  677.7500  0.00211428
39.0000  678.5000  0.00591737
39.0000  679.2500  0.00064512
39.0000  680.0000  0.00410886
40.0000  650.0000  0.00295669
40.0000  650.7500  0.00542806
40.0000  651.5000  0.00619263
40.0000  652.2500  0.00749376
40.0000  653.0000  0.00827737
40.0000  653.7500  0.00519343
40.0000  654.5000  0.00466001
40.0000  655.2500  0.00805922
40.0000  656.0000  0.00581316
40.0000  656.7500  0.00018814
40.0000  657.5000  0.00992313
40.0000  658.2500  0.00312427
40.0000  659.0000  0.00166834
40.0000  659.7500  0.00376268
40.0000  660.5000  0.00421893
40.0000  661.2500  0.00212223
40.0000  662.0000  0.00371266
40.0000  662.7500  0.00477597
40.0000  663.5000  0.00340063
40.0000  664.2500  0.00954991
40.0000  665.0000  0.00620800
40.0000  665.7500  0.00225700
40.0000  666.5000  0.00064393
40.0000  667.2500  0.00258531
40.0000  668.0000  0.00369576
40.0000  668.7500  0.01001061
40.0000  669.5000  0.00339560
40.0000  670.2500  0.00302353
40.0000  671.0000  0.00222936
40.0000  671.7500  0.00736168
40.0000  672.5000  0.00922084
40.0000  673.2500  0.00709278
40.0000  674.0000  0.00234231
40.0000  674.7500  0.00682106
40.0000  675.5000  0.00203256
40.0000  676.2500  0.00306227
40.0000  677.0000  0.00807791
40.0000  677.7500  0.00614753
40.0000  678.5000  0.00722314
40.0000  679.2500  0.00910807
40.0000  680.0000  0.00989604
